               -679.3001895133
          0.000514647       0.000000977      -0.000001226
          0.000000977       0.000516691       0.000001808
         -0.000001226       0.000001808       0.000514840
          60
  1     6      -0.076630197      -0.029680174      -0.051609001  C
  1     6      -0.084186874      -0.029777298      -0.049538074  C
  1     6      -0.007802076       0.020800906      -0.096160335  C
  1     6      -0.075259355       0.053564275      -0.027572973  C
  1     6      -0.074293639       0.059279914      -0.015173022  C
  1     6      -0.080180584      -0.039862762      -0.045728707  C
  1     6      -0.086296253      -0.010956895       0.043826212  C
  1     6      -0.083279402      -0.015237549       0.050686201  C
  1     6       0.009518020      -0.059996043      -0.077349096  C
  1     6       0.020924845      -0.068464962      -0.071355583  C
  1     6       0.003207787       0.027238455      -0.097817612  C
  1     6      -0.071242229      -0.039864383      -0.052420075  C
  1     6      -0.073914587      -0.048762837      -0.049382343  C
  1     6       0.013457557      -0.073682215      -0.068805349  C
  1     6      -0.018216269      -0.094523937       0.014591273  C
  1     6      -0.029774139      -0.092410381       0.016892966  C
  1     6       0.075136624       0.021157914      -0.057607989  C
  1     6       0.080793375       0.007596712      -0.051760649  C
  1     6      -0.003590394       0.033877000      -0.095960192  C
  1     6       0.024530247      -0.062788385      -0.070439137  C
  1     6       0.030479261      -0.068161703      -0.067616103  C
  1     6       0.084627367       0.015347729      -0.049810731  C
  1     6       0.076065101      -0.058141997       0.015408643  C
  1     6       0.071732547      -0.064217125       0.013898549  C
  1     6       0.017228080       0.090032816      -0.028401467  C
  1     6       0.027493229       0.090870658      -0.020440353  C
  1     6      -0.010831016       0.032355525      -0.095499799  C
  1     6       0.086824198       0.015625731      -0.049443359  C
  1     6       0.090278846       0.024888307      -0.043578837  C
  1     6       0.032835803       0.093529514      -0.014594530  C
  1     6       0.073753846       0.041646257       0.047775573  C
  1     6       0.080874214       0.033827484       0.046479437  C
  1     6      -0.068813737       0.067463071      -0.026858783  C
  1     6      -0.075630470       0.064276139      -0.018333592  C
  1     6      -0.024003481       0.037046629      -0.091235726  C
  1     6       0.020829839       0.096610396      -0.016958176  C
  1     6       0.016382114       0.099330027      -0.012725031  C
  1     6      -0.070764550       0.072219025      -0.009601110  C
  1     6      -0.029442253       0.064787750       0.067129450  C
  1     6      -0.011363071       0.070765440       0.063068678  C
  1     6       0.083601241       0.030229176       0.045312200  C
  1     6       0.064386709       0.047716426       0.057121614  C
  1     6      -0.019187224       0.062624755       0.077022292  C
  1     6       0.005823718      -0.021902230       0.093234764  C
  1     6       0.082728243      -0.056382012       0.016400840  C
  1     6       0.087134277      -0.050249514       0.028852602  C
  1     6       0.087630653       0.024165603       0.051646801  C
  1     6       0.011862087      -0.039579959       0.083882324  C
  1     6      -0.026488227      -0.095403332       0.017386505  C
  1     6      -0.005739043      -0.098808117       0.021967296  C
  1     6       0.062506835      -0.076104979       0.022023967  C
  1     6       0.003069460      -0.033958028       0.089956515  C
  1     6      -0.086018958      -0.022724624       0.045583487  C
  1     6      -0.082234846      -0.033596008       0.050196404  C
  1     6      -0.038263205      -0.092967047       0.025923834  C
  1     6       0.010998814      -0.022623592       0.097108842  C
  1     6      -0.018640488       0.060953527       0.082205248  C
  1     6      -0.030983372       0.060654717       0.076418389  C
  1     6      -0.079388727      -0.000977976       0.061164919  C
  1     6       0.004800469      -0.020008852       0.101695070  C
